
Summary of Results:
+----+------------+-------------+----------+----------+-----------------------+
|    | Contest ID | Player Pool | Test MSE | Test R^2 | Ownership Correlation |
+----+------------+-------------+----------+----------+-----------------------+
| 0  |     5      |    147.0    |  28.011  |  0.626   |         0.859         |
| 1  |     2      |    154.0    |  16.408  |  0.755   |         0.906         |
| 2  |     3      |    131.0    |  32.924  |  0.723   |         0.869         |
| 3  |     4      |    114.0    |  80.108  |  0.602   |         0.837         |
| 4  |     9      |    43.0     |  95.578  |  0.681   |         0.88          |
| 5  |     6      |    45.0     |  69.604  |  0.807   |          0.9          |
| 6  |     7      |    71.0     |  45.327  |  0.799   |         0.908         |
| 7  |     8      |    134.0    |  23.599  |  0.804   |          0.9          |
| 8  |     11     |    71.0     |  17.236  |  0.937   |         0.969         |
| 9  |     10     |    211.0    |  11.267  |  0.838   |         0.918         |
| 10 |     1      |    210.0    |  15.138  |  0.798   |         0.894         |
| 11 |  Average   |    121.0    |  39.564  |  0.761   |         0.895         |
+----+------------+-------------+----------+----------+-----------------------+


Ceiling
---------------
Summary of Results:
+----+------------+-------------+----------+----------+-----------------------+
|    | Contest ID | Player Pool | Test MSE | Test R^2 | Ownership Correlation |
+----+------------+-------------+----------+----------+-----------------------+
| 0  |     5      |    147.0    |  28.974  |  0.613   |         0.842         |
| 1  |     2      |    154.0    |  13.974  |  0.791   |         0.911         |
| 2  |     3      |    131.0    |  34.038  |  0.713   |         0.87          |
| 3  |     4      |    114.0    |  74.107  |  0.632   |         0.809         |
| 4  |     9      |    43.0     |  88.826  |  0.704   |         0.886         |
| 5  |     6      |    45.0     |  59.917  |  0.834   |         0.921         |
| 6  |     7      |    71.0     |  51.55   |  0.771   |         0.901         |
| 7  |     8      |    134.0    |  26.585  |  0.779   |         0.885         |
| 8  |     11     |    71.0     |  23.828  |  0.913   |         0.956         |
| 9  |     10     |    211.0    |  11.74   |  0.831   |         0.912         |
| 10 |     1      |    210.0    |  14.196  |   0.81   |         0.903         |
| 11 |  Average   |    121.0    |  38.885  |  0.763   |         0.891         |
+----+------------+-------------+----------+----------+-----------------------+


Ceiling + Ceiling Value
-------------------------------------

Summary of Results:
+----+------------+-------------+----------+----------+-----------------------+
|    | Contest ID | Player Pool | Test MSE | Test R^2 | Ownership Correlation |
+----+------------+-------------+----------+----------+-----------------------+
| 0  |     5      |    147.0    |  28.068  |  0.625   |         0.856         |
| 1  |     2      |    154.0    |  14.418  |  0.784   |          0.9          |
| 2  |     3      |    131.0    |  36.109  |  0.696   |         0.863         |
| 3  |     4      |    114.0    |  69.755  |  0.654   |         0.852         |
| 4  |     9      |    43.0     |  77.721  |  0.741   |         0.913         |
| 5  |     6      |    45.0     |   77.3   |  0.785   |         0.89          |
| 6  |     7      |    71.0     |  69.412  |  0.691   |         0.87          |
| 7  |     8      |    134.0    |  28.856  |   0.76   |         0.872         |
| 8  |     11     |    71.0     |  15.882  |  0.942   |         0.974         |
| 9  |     10     |    211.0    |  11.123  |   0.84   |         0.921         |
| 10 |     1      |    210.0    |  16.908  |  0.774   |         0.882         |
| 11 |  Average   |    121.0    |  40.505  |  0.754   |         0.89          |
+----+------------+-------------+----------+----------+-----------------------+


Ceiling Value
-------------------------------------

Summary of Results:
+----+------------+-------------+----------+----------+-----------------------+
|    | Contest ID | Player Pool | Test MSE | Test R^2 | Ownership Correlation |
+----+------------+-------------+----------+----------+-----------------------+
| 0  |     5      |    147.0    |  26.082  |  0.652   |         0.85          |
| 1  |     2      |    154.0    |  14.584  |  0.782   |         0.903         |
| 2  |     3      |    131.0    |  33.616  |  0.717   |         0.866         |
| 3  |     4      |    114.0    |  73.994  |  0.633   |         0.814         |
| 4  |     9      |    43.0     |  84.734  |  0.717   |         0.883         |
| 5  |     6      |    45.0     |  62.182  |  0.827   |         0.917         |
| 6  |     7      |    71.0     |  51.376  |  0.772   |         0.886         |
| 7  |     8      |    134.0    |  26.809  |  0.777   |         0.886         |
| 8  |     11     |    71.0     |  24.927  |  0.909   |         0.957         |
| 9  |     10     |    211.0    |  13.331  |  0.809   |         0.899         |
| 10 |     1      |    210.0    |  13.644  |  0.818   |         0.905         |
| 11 |  Average   |    121.0    |  38.662  |  0.765   |         0.888         |
+----+------------+-------------+----------+----------+-----------------------+