CORR	0.633   0.885	0.642		7.308	8.594
MSE		14.193				


CORR	0.633	0.876	0.684		6.907	8.594
MSE		15.397				


CORR	0.633	0.868	0.647		6.813	8.594
MSE		16.423				


CORR	0.633	0.896	0.607		6.864	8.594
MSE		13.442				


CORR	0.633	0.910	0.639		7.023	8.594 -> .105 drift .935 sd
MSE		11.659				

CORR	0.633	0.910	0.648		7.264	8.594 -> .100 drift 1.00 sd
MSE		11.406				

CORR	0.633	0.882	0.635		6.968	8.594
MSE		14.710				


CORR	0.633	0.932	0.606		7.116	8.594 -> .40-.50 shift
MSE		9.229				

CORR	0.633	0.928	0.606		7.054	8.594 -> .45-.50 shift
MSE		9.774				

CORR	0.633	0.934	0.616		7.196	8.594 -> .40-1.00 shift
MSE		8.894				

CORR	0.633	0.933	0.606		7.210	8.594 -> .35-.50 shift
MSE		9.000				

CORR	0.633	0.944	0.597		7.846	8.594 -> 2.0 Boost .35-.50 shift
MSE		7.180				





Summary of Results:
+----+------------+-------------+----------+----------+-----------------------+
|    | Contest ID | Player Pool | Test MSE | Test R^2 | Ownership Correlation |
+----+------------+-------------+----------+----------+-----------------------+
| 0  |     5      |    43.0     |  56.998  |   0.81   |         0.902         |
| 1  |     6      |    45.0     |  71.546  |  0.801   |         0.896         |
| 2  |     7      |    71.0     |  48.759  |  0.783   |         0.885         |
| 3  |     8      |    134.0    |  49.734  |  0.587   |         0.774         |
| 4  |     9      |    71.0     |  37.309  |  0.865   |         0.93          |
| 5  |     10     |    211.0    |  32.521  |  0.533   |         0.772         |
| 6  |     11     |    210.0    |  17.698  |  0.763   |         0.875         |
| 7  |     12     |    387.0    |  11.549  |  0.666   |         0.816         |
| 8  |     13     |    104.0    |  16.124  |  0.905   |         0.953         |
| 9  |     14     |    382.0    |  16.498  |  0.595   |         0.772         |
| 10 |     15     |    106.0    |  43.584  |  0.753   |         0.868         |
| 11 |     16     |    387.0    |  12.319  |  0.717   |         0.849         |
| 12 |     17     |    173.0    |  21.863  |  0.726   |         0.854         |
| 13 |     18     |    246.0    |  28.525  |  0.494   |         0.734         |
| 14 |     19     |    280.0    |  23.144  |  0.482   |         0.709         |
| 15 |     20     |    247.0    |  14.062  |  0.727   |         0.861         |
| 16 |     21     |    177.0    |  35.435  |  0.641   |         0.802         |
| 17 |     22     |    247.0    |  28.464  |  0.561   |         0.752         |
| 18 |     23     |    141.0    |  25.499  |  0.781   |         0.888         |
| 19 |  Average   |    192.7    |  31.138  |  0.694   |         0.836         |
+----+------------+-------------+----------+----------+-----------------------+


